762
767
772
781
801
810
810
810
861
861
861
999
1018
1055
1055
1055
1228
1228
1228
1479
1523
1529
1608
2506
3029
3029
3029
3440
3440
3440
4338
4717
4767
4767
4767
5154
5245
5718
6912
7460
8666
8666
8666
8916
9158
9912
9985
10100
10503
10666
10852
10855
10855
10869
10870
10870
11078
11191
11244
11244
11244
11484
11684
11762
11762
11762
12432
12606
12639
12639
12639
12724
12897
12981
13196
13460
13460
13460
13565
13565
13565
13599
13642
13854
13880
13998
13998
13998
14082
14265
14265
14265
14414
14414
14414
14641
15349
15623
15646
15742
15919
16145
16368
16533
16533
16533
16811
16840
16961
17137
17177
17358
17358
17358
17409
17424
17482
17586
17646
17682
17839
17839
17839
17841
17866
17867
17867
18131
18412
18655
18676
18717
18737
18909
18926
19002
19013
19013
19013
19030
19105
19107
19107
19107
19253
19386
19509
19570
19626
19744
19746
19746
19746
19758
19759
19759
19801
19801
19801
19981
19997
20016
20081
20206
20206
20206
20321
20379
20419
20522
20598
20598
20598
20694
20715
20715
20962
20962
20962
21008
21008
21008
21018
21085
21114
21119
21151
21192
21354
21392
21402
21448
21448
21448
21610
21610
21610
21619
21679
21711
21719
22019
22111
22111
22111
22121
22254
22273
22488
22619
22619
22619
22918
22950
22950
22950
22973
23039
23184
23409
23409
23409
23488
23527
23528
23528
23573
23621
23621
23803
23829
23829
23829
23847
23847
23847
23919
23987
23997
23997
23997
24153
24173
24173
24275
24279
24293
24335
24465
24553
24553
24553
24637
24674
24809
24827
24913
25015
25072
25072
25072
25078
25187
25233
25233
25234
25284
25318
25318
25318
25432
25587
25708
25832
25953
25953
25953
25962
25962
25962
25985
25985
25985
26027
26129
26208
26208
26208
26235
26235
26235
26279
26302
26399
26399
26399
26451
26514
26712
26865
26939
26996
27058
27078
27078
27078
27184
27214
27236
27242
27272
27331
27342
27342
27342
27503
27503
27503
27565
27565
27565
27681
27682
27682
27688
27688
27688
27708
27830
27830
27830
27850
28035
28125
28161
28161
28162
28183
28246
28246
28246
28380
28444
28472
28547
28547
28547
28548
28617
28617
28617
28649
28709
28742
28787
28806
28828
28828
28828
28974
29273
29372
29398
29399
29399
29502
29524
29539
29555
29697
29698
29698
29780
29808
29808
29808
29866
29973
30165
30166
30166
30285
30348
30353
30519
30519
30519
30619
30795
30798
30971
31118
31142
31201
31222
31222
31222
31273
31498
31526
31533
31562
31581
31581
31581
31663
31712
31787
31843
32090
32357
32357
32357
32425
32604
32604
32604
32893
32915
33055
33180
33264
33264
33311
33362
33383
33587
33588
33588
33605
33756
33756
33756
33867
33870
33870
33870
33948
34017
34102
34102
34102
34123
34165
34178
34563
34599
34638
34735
34806
34873
34880
34902
35179
35272
35272
35272
35861
35944
36113
36114
36119
36434
36434
36435
36636
36681
36715
36724
36756
36839
36839
36839
37056
37188
37219
37219
37219
37243
37284
37309
37324
37324
37365
37365
37365
37405
37564
37564
37564
38046
38073
38086
38176
38200
38225
38332
38356
38356
38356
38376
38376
38376
38391
38391
38391
38525
38708
38744
38758
38760
38966
38966
38966
39093
39117
39147
39225
39254
39264
39293
39350
39350
39350
39417
39500
39615
39672
39949
39949
39949
39959
39959
39959
40175
40175
40175
40201
40201
40201
40259
40471
40641
40642
40642
40791
40908
40992
41023
41024
41024
41032
41130
41141
41142
41228
41228
41228
41253
41253
41253
41471
41482
41482
41482
41571
41572
41572
41662
41880
41881
41881
42201
42401
42492
42544
42544
42544
42641
42641
42641
42661
42661
42661
42778
42814
42814
42830
42842
42906
43072
43072
43072
43094
43578
43578
43578
43657
43938
44054
44080
44086
44100
44141
44141
44141
44219
44250
44250
44250
44340
44511
44511
44511
44587
44698
44734
44735
44735
44741
44800
44888
44949
44949
44949
45003
45094
45106
45210
45239
45310
45311
45311
45358
45358
45358
45381
45457
45503
45634
45844
45896
45896
45896
45911
46044
46066
46199
46285
46313
46328
46332
46374
46422
46437
46437
46437
46498
46532
46630
46630
46630
46726
46726
46726
46847
46847
46847
46864
46865
46865
46926
47213
47402
47606
47956
47956
47956
48029
48029
48030
48035
48131
48133
48133
48133
48531
48575
48576
48576
48599
48599
48599
48667
48667
48667
48680
48680
48680
49037
49037
49074
49115
49116
49116
49210
49235
49295
49360
49366
49709
49923
50121
50201
50201
50201
50460
50460
50460
50497
51007
51162
51259
51278
51278
51278
51410
51410
51410
51557
51777
51792
51900
51900
51900
51930
52042
52046
52046
52046
52199
52199
52199
52260
52277
52468
52686
52686
52686
52764
52764
52764
52797
52819
52866
52959
52979
53016
53451
53451
53451
53472
53478
53479
53479
53626
53753
53753
53753
54026
54026
54026
54395
54441
54507
54517
54566
54613
54613
54613
54685
54717
54717
54717
54743
54743
54743
54943
54998
55307
55324
55363
55363
55363
55402
55402
55402
55430
55703
55703
55703
55822
55982
55990
56235
56235
56235
56417
56505
56506
56506
56518
56631
56631
56631
56750
56750
56750
56848
56849
56849
56878
56949
57052
57112
57112
57112
57150
57158
57161
57161
57161
